4.695476192547065608e+00 -8.918708833289046289e-01 1.000000000000000056e-01
1.142745862503102927e+01 -9.029791136220357561e-01 1.000000000000000056e-01
1.171408418500197257e+01 -8.156383561159354922e-01 1.000000000000000056e-01
1.203622289765426956e+01 -6.746705784612594403e-01 1.000000000000000056e-01
1.323685775889948957e+01 1.493472998068993696e-01 1.000000000000000056e-01
1.560606444682821703e+01 1.002227582676403328e+00 1.000000000000000056e-01
1.632850268370788882e+01 7.894218858930401872e-01 1.000000000000000056e-01
1.642962959147420321e+01 7.213149026877674341e-01 1.000000000000000056e-01
1.852179446061397172e+01 -7.818323585988349311e-01 1.000000000000000056e-01
1.878980043635514363e+01 -9.507659291381773681e-01 1.000000000000000056e-01
1.919319830933352478e+01 -1.094388942167335399e+00 1.000000000000000056e-01
2.010754618749355416e+01 -8.933245353849075254e-01 1.000000000000000056e-01
2.021839744032572028e+01 -8.101143154800800605e-01 1.000000000000000056e-01
2.065099946572868106e+01 -4.045831366128045947e-01 1.000000000000000056e-01
2.467872839133122653e+01 7.143836897440185574e-01 1.000000000000000056e-01
2.566271805453157384e+01 -2.831887729705160894e-01 1.000000000000000056e-01
3.183892953130784775e+01 1.555993177999947408e+00 1.000000000000000056e-01
3.307459147550562051e+01 1.758059745951910502e+00 1.000000000000000056e-01
3.330462654669619127e+01 1.600325591100160372e+00 1.000000000000000056e-01
3.536243575549092100e+01 -3.028490175258731210e-01 1.000000000000000056e-01
3.918779225432067648e+01 1.330858418238420326e-01 1.000000000000000056e-01
4.461230125411408665e+01 -8.399467971101987063e-02 1.000000000000000056e-01
4.600731088729692431e+01 -6.444209752976357564e-01 1.000000000000000056e-01
5.342718178682525831e+01 -2.541046329611001409e-01 1.000000000000000056e-01
5.433798833925362715e+01 -1.090463701591422918e+00 1.000000000000000056e-01
5.537432042119794318e+01 -1.346106463500978512e+00 1.000000000000000056e-01
5.684807643324030124e+01 -7.847247940025983137e-01 1.000000000000000056e-01
5.802916032387561529e+01 3.813323184268024857e-03 1.000000000000000056e-01
5.835635898058866644e+01 3.413414392480003667e-01 1.000000000000000056e-01
6.022547162926983333e+01 1.839428002705766341e+00 1.000000000000000056e-01
6.271295202334570007e+01 9.004200542146916231e-01 1.000000000000000056e-01
6.395526612098112196e+01 -2.123806354010006614e-01 1.000000000000000056e-01
6.414749634878435813e+01 -3.067181937436490036e-01 1.000000000000000056e-01
6.530420715178020430e+01 -2.771446730630133248e-01 1.000000000000000056e-01
6.724963146324857632e+01 7.423697066461687477e-01 1.000000000000000056e-01
6.807407397472020705e+01 1.128362082981925862e+00 1.000000000000000056e-01
6.916699545513804992e+01 7.064464385435444971e-01 1.000000000000000056e-01
7.086977818420837139e+01 -4.093585607719353869e-01 1.000000000000000056e-01
7.103605819788694475e+01 -4.973562665124485194e-01 1.000000000000000056e-01
7.695644698663272720e+01 8.224975048377023423e-01 1.000000000000000056e-01
7.952208258675574370e+01 1.108408373061927188e+00 1.000000000000000056e-01
8.110138998799676813e+01 -1.072606850128442701e+00 1.000000000000000056e-01
8.342243544201855343e+01 -2.260855697084625859e+00 1.000000000000000056e-01
8.712929970154070247e+01 1.889666265279524859e+00 1.000000000000000056e-01
8.960303423860538885e+01 7.140646824809369075e-01 1.000000000000000056e-01
9.394051075844167542e+01 -1.840653156667754198e+00 1.000000000000000056e-01
9.609840789396307059e+01 1.131518469438757224e+00 1.000000000000000056e-01
9.710127579306127643e+01 2.127298594875830506e+00 1.000000000000000056e-01
9.784448449403404879e+01 2.170687521636661454e+00 1.000000000000000056e-01
9.961493022127132235e+01 8.329031921680032369e-01 1.000000000000000056e-01
1.002268873123011161e+02 2.886963798095324996e-01 1.000000000000000056e-01
1.002939422654978188e+02 2.306202241034099321e-01 1.000000000000000056e-01
1.020448107480280697e+02 -6.599040568833272058e-01 1.000000000000000056e-01
1.059061548822322010e+02 4.086795671718284062e-01 1.000000000000000056e-01
1.103751411643051341e+02 -2.513816412145619128e-01 1.000000000000000056e-01
1.154842971387480759e+02 -4.312563330250041571e-01 1.000000000000000056e-01
1.175318559620330774e+02 9.454263802429596630e-02 1.000000000000000056e-01
1.182744258689332213e+02 3.377207825259094798e-01 1.000000000000000056e-01
1.187277189542440539e+02 5.314092298432556705e-01 1.000000000000000056e-01
1.201965612131689056e+02 8.144304408985516552e-01 1.000000000000000056e-01
1.238199828494415158e+02 5.317677932937509011e-02 1.000000000000000056e-01
1.288605654663201960e+02 -5.341478733203450791e-01 1.000000000000000056e-01
1.289262976548533004e+02 -5.479309093741135950e-01 1.000000000000000056e-01
1.310552312152577485e+02 -4.173306060718038890e-01 1.000000000000000056e-01
1.312893284732560346e+02 -4.050765758329313848e-01 1.000000000000000056e-01
1.314827992911276056e+02 -3.718178243311195952e-01 1.000000000000000056e-01
1.317978624043921627e+02 -2.802134663058112318e-01 1.000000000000000056e-01
1.320681063451533248e+02 -1.780238342686878972e-01 1.000000000000000056e-01
1.324876347579829883e+02 1.201502862508008196e-02 1.000000000000000056e-01
1.354740642224502380e+02 1.910017762354734083e+00 1.000000000000000056e-01
1.369002716855989377e+02 1.227714880228464756e+00 1.000000000000000056e-01
1.381829513486138126e+02 -7.370219112290237184e-01 1.000000000000000056e-01
1.433532874090464020e+02 9.945356947279373472e-01 1.000000000000000056e-01
1.448477593433772483e+02 1.862658049480845568e+00 1.000000000000000056e-01
1.469466454003750471e+02 4.606115128359470900e-01 1.000000000000000056e-01
1.481408609481650274e+02 -1.004240145287832897e+00 1.000000000000000056e-01
1.494483046579937593e+02 -1.942556587194313567e+00 1.000000000000000056e-01
1.523547056877304726e+02 1.481438969058101462e-01 1.000000000000000056e-01
1.589695836455197195e+02 -1.312233297979823687e+00 1.000000000000000056e-01
1.594144634489559280e+02 -8.965911904579972891e-01 1.000000000000000056e-01
1.605388224852564178e+02 1.161103513525149622e-01 1.000000000000000056e-01
1.613095178849962679e+02 5.600239822404891044e-01 1.000000000000000056e-01
1.624929346763748299e+02 3.075741808829051682e-01 1.000000000000000056e-01
1.629544260466053629e+02 1.171127635660616506e-01 1.000000000000000056e-01
1.646941564979127577e+02 -1.156076948910108593e+00 1.000000000000000056e-01
1.716296772614405199e+02 6.391483655627636651e-01 1.000000000000000056e-01
1.718530990476430134e+02 5.152432031167086812e-01 1.000000000000000056e-01
1.796036775596348036e+02 9.261685425867111077e-02 1.000000000000000056e-01
1.811509617369030423e+02 1.273597233479659474e+00 1.000000000000000056e-01
1.831913620071168225e+02 1.729112030421003476e+00 1.000000000000000056e-01
1.832798362140786139e+02 1.726659796381430523e+00 1.000000000000000056e-01
1.852323252361839252e+02 3.102470618128361779e-01 1.000000000000000056e-01
1.856359443059521936e+02 9.475303200479623378e-04 1.000000000000000056e-01
1.861930058803361590e+02 -3.253368443253732978e-01 1.000000000000000056e-01
1.871308917508447394e+02 -5.359158724063075585e-01 1.000000000000000056e-01
1.898479119027579713e+02 6.437660549300816548e-01 1.000000000000000056e-01
1.965823616800535092e+02 -1.261090044720163617e+00 1.000000000000000056e-01
1.970542801856396409e+02 -1.298502887381496329e+00 1.000000000000000056e-01
1.999965248964000750e+02 8.609365168575617844e-01 1.000000000000000056e-01
2.074700754411094010e+02 -2.973312778872842621e+00 1.000000000000000056e-01
2.088767560948346897e+02 -7.861940518482266604e-01 1.000000000000000056e-01
2.098437489751221392e+02 1.174813624997212536e+00 1.000000000000000056e-01
2.103825610738408898e+02 2.057772975708125340e+00 1.000000000000000056e-01
2.133119773674819726e+02 1.768172699464590325e+00 1.000000000000000056e-01
2.155076771135584579e+02 -1.984231246952411931e+00 1.000000000000000056e-01
2.168969843984739327e+02 -2.761868699624885348e+00 1.000000000000000056e-01
2.211609153460838399e+02 2.804730287695776259e+00 1.000000000000000056e-01
2.230816326406183236e+02 2.687731515668350557e+00 1.000000000000000056e-01
2.239246880603801344e+02 2.195894883080672155e+00 1.000000000000000056e-01
2.243170289747392587e+02 1.824056619860585648e+00 1.000000000000000056e-01
2.274146279733232348e+02 -2.000449945681516351e+00 1.000000000000000056e-01
2.317016264712045199e+02 8.134494867841799426e-01 1.000000000000000056e-01
2.322341421709427323e+02 9.616341145305278282e-01 1.000000000000000056e-01
2.326269928297654985e+02 9.924531311866366945e-01 1.000000000000000056e-01
2.327441292790568639e+02 9.961187168423146776e-01 1.000000000000000056e-01
2.334202554680963146e+02 9.247942769917465444e-01 1.000000000000000056e-01
2.377418260156387646e+02 1.834443835833383107e-01 1.000000000000000056e-01
2.378072425390388389e+02 1.771642461405313340e-01 1.000000000000000056e-01
2.378928213745086282e+02 1.666730380164997416e-01 1.000000000000000056e-01
2.400202733797095505e+02 -3.144218797649363517e-01 1.000000000000000056e-01
2.408287799154468303e+02 -7.452767094803731673e-01 1.000000000000000056e-01
2.414186200765740011e+02 -1.137497434015977360e+00 1.000000000000000056e-01
2.444255920016027517e+02 -1.150985128396692980e+00 1.000000000000000056e-01
2.453672098528447805e+02 -2.679976139759621123e-03 1.000000000000000056e-01
2.460631849909644586e+02 9.781093212352305333e-01 1.000000000000000056e-01
2.484134650829710154e+02 2.762522603891837125e+00 1.000000000000000056e-01
2.487531435199580301e+02 2.503844051473073318e+00 1.000000000000000056e-01
2.494200410564512254e+02 1.492781036328111322e+00 1.000000000000000056e-01
2.519409882460928998e+02 -2.611964847101298393e+00 1.000000000000000056e-01
2.531911937228519207e+02 -2.526077903059895213e+00 1.000000000000000056e-01
2.532916025397821045e+02 -2.436305242850990371e+00 1.000000000000000056e-01
2.539416425950258258e+02 -1.559304842911554134e+00 1.000000000000000056e-01
2.543564817703929464e+02 -8.383964056960253597e-01 1.000000000000000056e-01
2.586840668894076884e+02 2.822333350489067083e+00 1.000000000000000056e-01
2.594225643453549424e+02 1.737319796370265124e+00 1.000000000000000056e-01
2.621181492396782460e+02 -2.733712105802906134e+00 1.000000000000000056e-01
2.633223767371506483e+02 -3.309892122274050497e+00 1.000000000000000056e-01
2.645556121046269595e+02 -2.412108434940803736e+00 1.000000000000000056e-01
2.653894909394454089e+02 -1.058944290961880474e+00 1.000000000000000056e-01
2.700079731921648545e+02 8.444294274536185974e-01 1.000000000000000056e-01
2.703279052387146635e+02 5.783549508003651418e-01 1.000000000000000056e-01
2.716527676061458578e+02 -1.044302768046048158e-01 1.000000000000000056e-01
2.724368954659624933e+02 -7.447394928138402204e-01 1.000000000000000056e-01
2.728219024244669981e+02 -9.606865081416049446e-01 1.000000000000000056e-01
2.735420348156357591e+02 -1.437762658942346006e+00 1.000000000000000056e-01
2.748235698675965750e+02 -1.498731480176345388e+00 1.000000000000000056e-01
2.775960977317660650e+02 1.452880907002284117e+00 1.000000000000000056e-01
2.776287062947318987e+02 1.482543829767891674e+00 1.000000000000000056e-01
2.817301057539490898e+02 -1.002756450204669303e+00 1.000000000000000056e-01
2.828069625764096031e+02 -1.961841297505481085e+00 1.000000000000000056e-01
2.835188465821666455e+02 -2.125155326615761453e+00 1.000000000000000056e-01
2.870515199196297544e+02 9.624895006766083227e-01 1.000000000000000056e-01
2.883984973314938998e+02 1.527385022297996553e+00 1.000000000000000056e-01
2.894060929472011026e+02 1.258101578717828239e+00 1.000000000000000056e-01
2.900776072104440573e+02 8.708098503785604017e-01 1.000000000000000056e-01
2.921475267925488311e+02 -1.101895641974984574e+00 1.000000000000000056e-01
2.927940314405188360e+02 -1.511965604194086987e+00 1.000000000000000056e-01
2.930202845077967027e+02 -1.535699482815546579e+00 1.000000000000000056e-01
2.961401975221449447e+02 2.350731292775322667e-01 1.000000000000000056e-01
2.965562650640299012e+02 4.686899768825317780e-01 1.000000000000000056e-01
2.974369508551336594e+02 1.000973663519468593e+00 1.000000000000000056e-01
2.982823259560307747e+02 8.259612215362206467e-01 1.000000000000000056e-01
3.015748166745493108e+02 6.189920558939571160e-02 1.000000000000000056e-01
3.015986344809425077e+02 5.671319966029469972e-02 1.000000000000000056e-01
3.044684073773195223e+02 -9.363434311499274632e-02 1.000000000000000056e-01
3.068100995451961239e+02 2.585143760346187425e-01 1.000000000000000056e-01
3.117958819941025581e+02 6.217363814181069426e-01 1.000000000000000056e-01
3.119449954796018574e+02 5.873025860369112117e-01 1.000000000000000056e-01
3.154283509241838601e+02 -7.935977067233315196e-01 1.000000000000000056e-01
3.179831793939760018e+02 7.394532443730441607e-01 1.000000000000000056e-01
3.185689524513236393e+02 6.161799331851658401e-01 1.000000000000000056e-01
3.200171508224678405e+02 4.272313940278010813e-02 1.000000000000000056e-01
3.267008817682600466e+02 -5.311496571511031828e-01 1.000000000000000056e-01
3.277204015571189188e+02 -7.661840244797573085e-01 1.000000000000000056e-01
3.331451520286419168e+02 2.106405392999479709e+00 1.000000000000000056e-01
3.381589518368456311e+02 -1.404721735027425922e+00 1.000000000000000056e-01
3.453516806969026902e+02 5.726027085917863024e-01 1.000000000000000056e-01
3.472335179322195700e+02 -1.769897764359559700e+00 1.000000000000000056e-01
3.485193694925632144e+02 -2.330006077448160795e+00 1.000000000000000056e-01
3.553688484719295957e+02 9.200854048286128961e-01 1.000000000000000056e-01
3.556127378499556357e+02 7.325378815315151115e-01 1.000000000000000056e-01
3.567068904025429106e+02 -2.227534371124645363e-02 1.000000000000000056e-01
3.595079005737860030e+02 -7.045683457901585900e-01 1.000000000000000056e-01
3.599780644783638763e+02 -5.025119615906978865e-01 1.000000000000000056e-01
3.605455604858922811e+02 -1.572366208424659240e-01 1.000000000000000056e-01
3.637107709426226165e+02 -2.012648003191486179e-01 1.000000000000000056e-01
3.675618700478965479e+02 -1.205743093026179213e-03 1.000000000000000056e-01
3.685846061296174980e+02 5.995628220344253467e-01 1.000000000000000056e-01
3.687251706609641246e+02 6.856901703693583094e-01 1.000000000000000056e-01
3.708527992178887303e+02 9.217667861681688724e-01 1.000000000000000056e-01
3.738131379325614603e+02 -9.653945286294536299e-01 1.000000000000000056e-01
3.741699803342255564e+02 -1.204063239700255528e+00 1.000000000000000056e-01
3.742961833209161000e+02 -1.275633909843835845e+00 1.000000000000000056e-01
3.777518392924808950e+02 7.693318046044226310e-01 1.000000000000000056e-01
3.790568960774285188e+02 7.596589055941858071e-01 1.000000000000000056e-01
3.799269559001205039e+02 2.841203212756784890e-01 1.000000000000000056e-01
3.828080591578540748e+02 -1.414733826641101810e+00 1.000000000000000056e-01
3.834415188257776776e+02 -1.187097161212323337e+00 1.000000000000000056e-01
3.834638941718979481e+02 -1.176678891713480279e+00 1.000000000000000056e-01
3.926756765470943265e+02 -1.094620380033725082e+00 1.000000000000000056e-01
3.960597028072937178e+02 3.372483724246993497e-01 1.000000000000000056e-01
3.965057408469846223e+02 6.370833971465788004e-01 1.000000000000000056e-01
3.982210622160918660e+02 1.010259245611085932e+00 1.000000000000000056e-01
3.984342586196770526e+02 8.236702110311648894e-01 1.000000000000000056e-01
3.990253217031020085e+02 2.998579933595749147e-01 1.000000000000000056e-01
4.012595008036087165e+02 -8.287328512605252051e-01 1.000000000000000056e-01
4.017135353795986248e+02 -8.543771627948981706e-01 1.000000000000000056e-01
4.067333458357482527e+02 4.331354404675852310e-02 1.000000000000000056e-01
4.071832972259996382e+02 1.078128784103538490e-01 1.000000000000000056e-01
4.072411714138073080e+02 1.190153561226147683e-01 1.000000000000000056e-01
4.090540953730616138e+02 1.870859679465161074e-01 1.000000000000000056e-01
4.142629945146699697e+02 -1.141640602052148012e-01 1.000000000000000056e-01
4.146619399905235923e+02 -2.615143763482816186e-01 1.000000000000000056e-01
4.148568693335640205e+02 -3.307028459367578610e-01 1.000000000000000056e-01
4.174863747960118303e+02 -1.207443341440208373e+00 1.000000000000000056e-01
4.205394666800984282e+02 6.540049009183024342e-01 1.000000000000000056e-01
4.236547993389046951e+02 9.365653819928132506e-02 1.000000000000000056e-01
4.238550485581797034e+02 1.400152476772900667e-03 1.000000000000000056e-01
4.240322518898419730e+02 -1.041701262902561265e-01 1.000000000000000056e-01
4.240889884358492736e+02 -1.419151289035898711e-01 1.000000000000000056e-01
4.246854687515062778e+02 -5.096178072824117944e-01 1.000000000000000056e-01
4.287687009457661134e+02 -1.045220841470819062e+00 1.000000000000000056e-01
4.287957224982378079e+02 -1.030465856079008091e+00 1.000000000000000056e-01
4.304024395080612067e+02 1.621430977345333924e-02 1.000000000000000056e-01
4.314184354339739684e+02 2.016060824720644629e-01 1.000000000000000056e-01
4.344166255581207565e+02 -6.793302133231651219e-01 1.000000000000000056e-01
4.358649252656268231e+02 -3.668843318024708755e-01 1.000000000000000056e-01
4.370319537993414656e+02 4.159975144359077670e-01 1.000000000000000056e-01
4.375872112626925059e+02 7.343095478937438081e-01 1.000000000000000056e-01
4.386015134623203267e+02 1.131953057847771671e+00 1.000000000000000056e-01
4.471253786176273479e+02 4.180723265397431887e-01 1.000000000000000056e-01
4.492916486877380748e+02 9.967033288326263563e-01 1.000000000000000056e-01
4.518216826697596389e+02 8.703983571253104401e-01 1.000000000000000056e-01
4.535426826780688430e+02 -6.627970458247347540e-01 1.000000000000000056e-01
4.536968445560453347e+02 -7.632140917736032204e-01 1.000000000000000056e-01
4.541623969075517948e+02 -1.025323621438661181e+00 1.000000000000000056e-01
4.554441494500269982e+02 -1.258999639607578880e+00 1.000000000000000056e-01
4.561405668004796325e+02 -1.090786020644141763e+00 1.000000000000000056e-01
4.561503322165485770e+02 -1.087520186790599697e+00 1.000000000000000056e-01
4.569114216457658131e+02 -8.649081851388058517e-01 1.000000000000000056e-01
4.572234533538570531e+02 -7.354364583665415900e-01 1.000000000000000056e-01
4.581388272600428309e+02 5.397464129866508253e-02 1.000000000000000056e-01
4.586039617685858616e+02 4.964965574634374601e-01 1.000000000000000056e-01
4.598558837560074153e+02 1.320048166969993275e+00 1.000000000000000056e-01
4.614793622529318213e+02 9.523528805022944965e-01 1.000000000000000056e-01
4.635754243648107149e+02 -5.274391142520824527e-01 1.000000000000000056e-01
4.663107728563063006e+02 -3.448686039545099669e-01 1.000000000000000056e-01
4.686512016477015550e+02 4.584620714231080751e-01 1.000000000000000056e-01
4.783703070399880630e+02 -1.346000760286055753e-01 1.000000000000000056e-01
4.856275959346228888e+02 3.804639122375952920e-01 1.000000000000000056e-01
4.880562806489545551e+02 -7.208006525118273444e-01 1.000000000000000056e-01
4.903053465487371341e+02 -2.676696901869512479e-01 1.000000000000000056e-01
4.904588086175670583e+02 -1.597837516254336787e-01 1.000000000000000056e-01
4.973913654986627080e+02 4.930615647717226380e-01 1.000000000000000056e-01
5.013243819267022445e+02 -3.066252866987932979e-01 1.000000000000000056e-01
5.023894574892614742e+02 3.912880546318004971e-01 1.000000000000000056e-01
5.058663838253083327e+02 1.356128378089358710e+00 1.000000000000000056e-01
5.100168523182502440e+02 -1.655379929960582475e+00 1.000000000000000056e-01
5.113189825464560272e+02 -1.762609245070649644e+00 1.000000000000000056e-01
5.173085172022887264e+02 7.861969427933563903e-01 1.000000000000000056e-01
5.173791071541141946e+02 7.749251843444115995e-01 1.000000000000000056e-01
5.182007139306632553e+02 5.556401733723039804e-01 1.000000000000000056e-01
5.188351488315259985e+02 2.411675472291273103e-01 1.000000000000000056e-01
5.210366062041292707e+02 1.420265223630686746e-01 1.000000000000000056e-01
5.218483217500717046e+02 3.338070851679923456e-01 1.000000000000000056e-01
5.232480534666996164e+02 -2.461169971949121460e-01 1.000000000000000056e-01
5.288949197529044568e+02 7.830731688563548065e-01 1.000000000000000056e-01
5.356328030249583207e+02 -1.737133767561321873e-04 1.000000000000000056e-01
5.361774947034519982e+02 1.835549960378270173e-01 1.000000000000000056e-01
5.365792111087222338e+02 3.382237553676292752e-01 1.000000000000000056e-01
5.438059500773263153e+02 -3.791118540578144458e-01 1.000000000000000056e-01
5.448831829968968350e+02 -8.578855888705270161e-01 1.000000000000000056e-01
5.468849016694221064e+02 -8.179295732963307586e-01 1.000000000000000056e-01
5.488135039273247457e+02 -2.558942734881177183e-01 1.000000000000000056e-01
5.520782766919708138e+02 -1.212965124968040653e-02 1.000000000000000056e-01
5.521924699224065307e+02 -6.717343009561049794e-02 1.000000000000000056e-01
5.546878086614190124e+02 -3.504474494153850817e-01 1.000000000000000056e-01
5.573687913239168665e+02 4.348561282747950285e-01 1.000000000000000056e-01
5.654213118585089433e+02 -4.363956632920488743e-01 1.000000000000000056e-01
5.666014542065751129e+02 -4.879269836002396166e-01 1.000000000000000056e-01
5.680445610939323160e+02 -2.088403123134015549e-01 1.000000000000000056e-01
5.684339488686484856e+02 4.883530604248703666e-03 1.000000000000000056e-01
5.691007386145932969e+02 1.378714409045259659e-01 1.000000000000000056e-01
5.699649107012648983e+02 2.498601555066535806e-01 1.000000000000000056e-01
5.701967704178796339e+02 2.552214529924433095e-01 1.000000000000000056e-01
5.722519057908733657e+02 -6.565544716391817914e-01 1.000000000000000056e-01
5.743252488495787702e+02 -1.829970466685532093e+00 1.000000000000000056e-01
5.757511620448724443e+02 -1.568371222840111434e+00 1.000000000000000056e-01
5.759464955561792294e+02 -1.430423455122930010e+00 1.000000000000000056e-01
5.761573344178368643e+02 -1.249894130349920696e+00 1.000000000000000056e-01
5.772285886041676122e+02 -3.049876246108886857e-01 1.000000000000000056e-01
5.775429488313754973e+02 3.560672607889089902e-02 1.000000000000000056e-01
5.812728726358586755e+02 2.072109445337914302e+00 1.000000000000000056e-01
5.844760689557688238e+02 -8.145736581575699908e-01 1.000000000000000056e-01
5.864101661863267054e+02 -1.537998015593927681e+00 1.000000000000000056e-01
5.865129348100831521e+02 -1.484795156264158811e+00 1.000000000000000056e-01
5.867843464581687840e+02 -1.292672454134712323e+00 1.000000000000000056e-01
5.875996351963890447e+02 -4.025849152747233428e-01 1.000000000000000056e-01
5.883171135536057363e+02 3.668819584824842828e-01 1.000000000000000056e-01
5.899099763545709720e+02 4.418714352461654560e-01 1.000000000000000056e-01
5.908727612481732194e+02 5.551273436662833571e-01 1.000000000000000056e-01
5.909841653236849197e+02 5.396566889138343370e-01 1.000000000000000056e-01
5.920419312718389619e+02 2.909802180457042309e-01 1.000000000000000056e-01
5.922304187618367450e+02 3.178439333721335136e-01 1.000000000000000056e-01
6.027633760716438474e+02 5.303489389697491063e-01 1.000000000000000056e-01
6.041178040208819766e+02 1.075314338985718265e+00 1.000000000000000056e-01
6.048455197450459764e+02 8.361572718213439170e-01 1.000000000000000056e-01
6.063932141279243524e+02 -6.844623556473672377e-01 1.000000000000000056e-01
6.120957227224214421e+02 6.991157071051479210e-01 1.000000000000000056e-01
6.139659559658960006e+02 1.736334183800283926e+00 1.000000000000000056e-01
6.144647064768743121e+02 1.635607863986219712e+00 1.000000000000000056e-01
6.155595642838442245e+02 7.829508622483385416e-01 1.000000000000000056e-01
6.169339968747568719e+02 -5.008259475645338021e-01 1.000000000000000056e-01
6.176354970758770833e+02 -7.792486148160091552e-01 1.000000000000000056e-01
6.178766919175237717e+02 -8.794813506919005874e-01 1.000000000000000056e-01
6.180154289988415712e+02 -9.487875252134103654e-01 1.000000000000000056e-01
6.184802595127479208e+02 -1.174362511073040904e+00 1.000000000000000056e-01
6.214784014997635495e+02 4.507291430920822850e-01 1.000000000000000056e-01
6.288984390617004010e+02 -6.531035638330879856e-01 1.000000000000000056e-01
6.289818435911487313e+02 -5.517395267228120126e-01 1.000000000000000056e-01
6.304479368667911103e+02 1.373789633872137150e+00 1.000000000000000056e-01
6.339976977446607407e+02 6.663735983905842986e-01 1.000000000000000056e-01
6.360610554471412570e+02 -4.391218414286110483e-01 1.000000000000000056e-01
6.387617573665293094e+02 -9.638783843582351962e-02 1.000000000000000056e-01
6.394725163987236556e+02 -5.135762792812803568e-03 1.000000000000000056e-01
6.399210213275238175e+02 1.049802943188545279e-01 1.000000000000000056e-01
6.439901992296373692e+02 -1.985046269325419499e-01 1.000000000000000056e-01
6.455702444560038202e+02 -4.795301327335302344e-01 1.000000000000000056e-01
6.458941130666561321e+02 -3.706171976734577433e-01 1.000000000000000056e-01
6.521032700016888839e+02 -9.274460942057027868e-03 1.000000000000000056e-01
6.531083254653984795e+02 -6.346852204261084207e-01 1.000000000000000056e-01
6.532008198571336379e+02 -6.880915846803290492e-01 1.000000000000000056e-01
6.563295894652734432e+02 2.058062485969203714e-01 1.000000000000000056e-01
6.601735374926850000e+02 2.467937075873803399e-01 1.000000000000000056e-01
6.625045715326759819e+02 -8.179982073883713678e-01 1.000000000000000056e-01
6.630782031001008363e+02 -9.252785517110388991e-01 1.000000000000000056e-01
6.658591175591876663e+02 1.462512792699272313e-01 1.000000000000000056e-01
6.667667154456677281e+02 5.009816209889634830e-01 1.000000000000000056e-01
6.674103799636816348e+02 4.317739213967852208e-01 1.000000000000000056e-01
6.699165465909100021e+02 -6.655397581465072321e-01 1.000000000000000056e-01
6.706378696181593568e+02 -9.940877220731187958e-01 1.000000000000000056e-01
6.720478073539144361e+02 -6.027394141118864734e-01 1.000000000000000056e-01
6.778165367962301389e+02 8.061589791475185507e-01 1.000000000000000056e-01
6.793927734985672942e+02 3.163538894103684607e-01 1.000000000000000056e-01
6.813925106038378772e+02 -5.770154406293726002e-01 1.000000000000000056e-01
6.818202991034834213e+02 -7.659913237255466800e-01 1.000000000000000056e-01
6.832813355476804418e+02 -1.047424422655381715e+00 1.000000000000000056e-01
6.874882763878152900e+02 1.417161664079196748e-01 1.000000000000000056e-01
6.897682650777504705e+02 2.183493083678997859e+00 1.000000000000000056e-01
6.900250201912273269e+02 2.072324157498864672e+00 1.000000000000000056e-01
6.924721193700198683e+02 -1.465771837489733831e-01 1.000000000000000056e-01
6.925315900777658271e+02 -2.221845289209104513e-01 1.000000000000000056e-01
6.956254456388571725e+02 -1.461660823271022425e+00 1.000000000000000056e-01
6.963434888154595228e+02 -1.127811293006443005e+00 1.000000000000000056e-01
6.969972417249873615e+02 -8.173630680782446589e-01 1.000000000000000056e-01
6.974287731445635927e+02 -6.538366374675348425e-01 1.000000000000000056e-01
6.976311959272649119e+02 -5.210804391620209586e-01 1.000000000000000056e-01
6.994792753175042890e+02 7.048582000703023098e-01 1.000000000000000056e-01
6.995750602247513825e+02 7.332712680785822279e-01 1.000000000000000056e-01
6.996220542505167259e+02 7.477788339495909931e-01 1.000000000000000056e-01
7.038885835403663123e+02 -1.493084511479899068e-01 1.000000000000000056e-01
7.044144019235327505e+02 -1.736988099262293250e-01 1.000000000000000056e-01
7.065747062729789150e+02 -8.420681035774451040e-01 1.000000000000000056e-01
7.142412995491114316e+02 5.739795175391346760e-01 1.000000000000000056e-01
7.151893663724194994e+02 5.186268031869691875e-01 1.000000000000000056e-01
7.163272041185655326e+02 -1.266603359833159692e-01 1.000000000000000056e-01
7.168596811925937118e+02 -3.950465023422672362e-01 1.000000000000000056e-01
7.220555994703479428e+02 1.661535616907176438e+00 1.000000000000000056e-01
7.241676366115432302e+02 9.431048390989213992e-01 1.000000000000000056e-01
7.252542798196404874e+02 2.665106861499256796e-01 1.000000000000000056e-01
7.255943642105787603e+02 1.054572891404108592e-01 1.000000000000000056e-01
7.270442627113283152e+02 -6.267356707625675316e-01 1.000000000000000056e-01
7.299905624240579982e+02 -2.860657858588603886e-01 1.000000000000000056e-01
7.301220295167696577e+02 -2.856053513459680393e-01 1.000000000000000056e-01
7.307090991274761791e+02 -2.983559205117586877e-01 1.000000000000000056e-01
7.308558067701578693e+02 -2.919439499722205622e-01 1.000000000000000056e-01
7.351940221225949017e+02 8.705221971335277420e-01 1.000000000000000056e-01
7.392635793983016583e+02 -3.196994585431665592e-01 1.000000000000000056e-01
7.395507950492875580e+02 -2.898061095739006832e-01 1.000000000000000056e-01
7.486636198505473203e+02 -1.070792140694086125e+00 1.000000000000000056e-01
7.487882575401331451e+02 -1.076466165268864295e+00 1.000000000000000056e-01
7.507648618863519232e+02 -3.590216569570087723e-01 1.000000000000000056e-01
7.567786427368891964e+02 1.285082245823124136e+00 1.000000000000000056e-01
7.583786538361414387e+02 2.136127509791238555e-01 1.000000000000000056e-01
7.653252538069652928e+02 4.179395341597281766e-01 1.000000000000000056e-01
7.705807485027762596e+02 -1.493994944179579953e-01 1.000000000000000056e-01
7.740473326986387974e+02 -6.957735518467393909e-01 1.000000000000000056e-01
7.742336894342166715e+02 -6.265965303042462242e-01 1.000000000000000056e-01
7.774075618487531756e+02 5.271691057425578197e-01 1.000000000000000056e-01
7.781567509498504478e+02 1.499500818401022229e-01 1.000000000000000056e-01
7.786953959411033566e+02 -1.526188459847545587e-01 1.000000000000000056e-01
7.805291762864554812e+02 -8.319111134032923793e-01 1.000000000000000056e-01
7.832344383138131434e+02 -1.027988471658981107e+00 1.000000000000000056e-01
7.851529120231377874e+02 6.282149523559599213e-03 1.000000000000000056e-01
7.885455123065187308e+02 1.856021493725588556e+00 1.000000000000000056e-01
7.917250380826645824e+02 -2.373462513240264804e-01 1.000000000000000056e-01
7.936977033574206644e+02 -6.345455995547841788e-01 1.000000000000000056e-01
7.963914745173317442e+02 -5.633862014186501455e-01 1.000000000000000056e-01
7.980468339125636703e+02 2.303171484399319513e-01 1.000000000000000056e-01
7.991585642167235619e+02 7.353931016442634139e-01 1.000000000000000056e-01
7.992025873523916744e+02 7.538118177657029406e-01 1.000000000000000056e-01
7.997958845706180000e+02 9.754713008962048182e-01 1.000000000000000056e-01
8.061939890460857896e+02 -1.548578773645916895e+00 1.000000000000000056e-01
8.073189587250107024e+02 -1.099727037522846951e+00 1.000000000000000056e-01
8.137978197024772271e+02 -4.738963520092661086e-01 1.000000000000000056e-01
8.149664793702473844e+02 -1.038186242776081292e+00 1.000000000000000056e-01
8.155238187685688445e+02 -1.203983889777944682e+00 1.000000000000000056e-01
8.207671207013149797e+02 1.958869504154702623e+00 1.000000000000000056e-01
8.209932298479351402e+02 1.864985009778563851e+00 1.000000000000000056e-01
8.221177331942454884e+02 7.904228241630675278e-01 1.000000000000000056e-01
8.286569145557377851e+02 8.825991848159366882e-01 1.000000000000000056e-01
8.289400292173630760e+02 9.014924651739804062e-01 1.000000000000000056e-01
8.310484552361904207e+02 1.649107427399607861e-01 1.000000000000000056e-01
8.326198455479379845e+02 -8.390720626163945539e-01 1.000000000000000056e-01
8.379449074988039001e+02 1.827879353197185086e+00 1.000000000000000056e-01
8.391891222586523327e+02 2.038451259704572749e+00 1.000000000000000056e-01
8.464086724711278293e+02 -3.775459185039570231e-02 1.000000000000000056e-01
8.480082293222344560e+02 7.069736424006556330e-01 1.000000000000000056e-01
8.489435553129181926e+02 1.066025707927709121e+00 1.000000000000000056e-01
8.490383084285108453e+02 1.095127772164240731e+00 1.000000000000000056e-01
8.558033423926110572e+02 -1.739913205295276488e-01 1.000000000000000056e-01
8.577226441935546291e+02 3.944808691100001874e-01 1.000000000000000056e-01
8.605511738287937078e+02 -7.588310291573063804e-01 1.000000000000000056e-01
8.621915174216833293e+02 -8.868579052374216953e-01 1.000000000000000056e-01
8.638556059232314510e+02 -3.583692275030673779e-01 1.000000000000000056e-01
8.663823259286291432e+02 1.052047174715907252e+00 1.000000000000000056e-01
8.672894054624648561e+02 1.421579139142470583e+00 1.000000000000000056e-01
8.681260573682142194e+02 1.291839598156029334e+00 1.000000000000000056e-01
8.694885305466322052e+02 6.095742803668711129e-01 1.000000000000000056e-01
8.700121482468191516e+02 4.794962986359575519e-01 1.000000000000000056e-01
8.726506554473952519e+02 -5.664718375661483840e-01 1.000000000000000056e-01
8.742879666249469892e+02 1.759387309649894093e-01 1.000000000000000056e-01
8.765052453165908446e+02 4.942732347530674475e-01 1.000000000000000056e-01
8.811031971111615348e+02 -2.202228546297548828e-01 1.000000000000000056e-01
8.817202123338396405e+02 -1.642754519284249648e-01 1.000000000000000056e-01
8.817353618548528402e+02 -1.624140130991487130e-01 1.000000000000000056e-01
8.820414102298896069e+02 -1.468285377129918967e-01 1.000000000000000056e-01
8.917730007820797482e+02 -5.363190023990005439e-01 1.000000000000000056e-01
8.919233550156720867e+02 -5.867917678450196295e-01 1.000000000000000056e-01
8.953858842882099225e+02 2.266196849165623139e-01 1.000000000000000056e-01
8.965465958510629889e+02 7.912034735846515954e-01 1.000000000000000056e-01
8.966712930403421069e+02 8.878621179826873266e-01 1.000000000000000056e-01
8.967611582244098827e+02 9.658881061560586900e-01 1.000000000000000056e-01
9.037197397459334525e+02 -1.380187449957861689e+00 1.000000000000000056e-01
9.039839549282370399e+02 -1.278910277589532685e+00 1.000000000000000056e-01
9.040443929009577460e+02 -1.244471063181445736e+00 1.000000000000000056e-01
9.049483455499268985e+02 -5.572440764527970547e-01 1.000000000000000056e-01
9.065554992211789340e+02 7.742017383486683446e-01 1.000000000000000056e-01
9.088437184127383262e+02 1.161939000569498059e+00 1.000000000000000056e-01
9.194826137446735856e+02 1.263519904821199802e+00 1.000000000000000056e-01
9.249669119531921524e+02 -1.240925667846371372e+00 1.000000000000000056e-01
9.255966382926610549e+02 -1.114691604797163782e+00 1.000000000000000056e-01
9.280812934655908748e+02 6.926513760254047192e-01 1.000000000000000056e-01
9.292914173027139668e+02 1.364672549406211077e+00 1.000000000000000056e-01
9.292961975762140128e+02 1.366212888299844996e+00 1.000000000000000056e-01
9.295293167921905706e+02 1.418660797720468603e+00 1.000000000000000056e-01
9.342139979247937163e+02 -1.483981948341220880e-01 1.000000000000000056e-01
9.402096893547673062e+02 1.967951008186678452e+00 1.000000000000000056e-01
9.404319452528130796e+02 2.057281982992711367e+00 1.000000000000000056e-01
9.413777047064986618e+02 1.964982200480499319e+00 1.000000000000000056e-01
9.425835996979303673e+02 1.206742178475315841e+00 1.000000000000000056e-01
9.437480785146241260e+02 -5.164236802831972950e-02 1.000000000000000056e-01
9.443723899839335445e+02 -7.919358712853941107e-01 1.000000000000000056e-01
9.446689170495839107e+02 -1.091980236104951762e+00 1.000000000000000056e-01
9.453015334790795805e+02 -1.820051073192006763e+00 1.000000000000000056e-01
9.473705904889242220e+02 -2.478394894851265295e+00 1.000000000000000056e-01
9.493188224156814385e+02 -2.642348718728891321e-01 1.000000000000000056e-01
9.509526110553940725e+02 1.044273090497311873e+00 1.000000000000000056e-01
9.518744768327361498e+02 9.863860577595222612e-01 1.000000000000000056e-01
9.527490115169849787e+02 5.514063330823597564e-01 1.000000000000000056e-01
9.527916569719445761e+02 5.142168689709281093e-01 1.000000000000000056e-01
9.560836347232238950e+02 -1.300071993867218945e+00 1.000000000000000056e-01
9.564057227959488046e+02 -1.275286286577001160e+00 1.000000000000000056e-01
9.589827218634735573e+02 2.464147237370465926e-01 1.000000000000000056e-01
9.591666030352224652e+02 4.349885633418332787e-01 1.000000000000000056e-01
9.594333408334251772e+02 7.010528592441342965e-01 1.000000000000000056e-01
9.608346580630001199e+02 1.578638822351337678e+00 1.000000000000000056e-01
9.615701545414984821e+02 1.600312086105746268e+00 1.000000000000000056e-01
9.619363785472289692e+02 1.510475660081253224e+00 1.000000000000000056e-01
9.621885451174382524e+02 1.374773586443607920e+00 1.000000000000000056e-01
9.636627605010293109e+02 1.318699485052391984e-01 1.000000000000000056e-01
9.677946717985018950e+02 -3.153893319666972728e-01 1.000000000000000056e-01
9.679655666042270923e+02 -3.001984678425469455e-01 1.000000000000000056e-01
9.689717046703517553e+02 1.035447999044064593e-02 1.000000000000000056e-01
9.729194890231302679e+02 1.189630016204812568e+00 1.000000000000000056e-01
9.742562128180503578e+02 3.105425875189740670e-01 1.000000000000000056e-01
9.755215050028857604e+02 -6.450197355165629975e-01 1.000000000000000056e-01
9.764594650133957430e+02 -1.225736909049753409e+00 1.000000000000000056e-01
9.767610881903370910e+02 -1.288234660497975748e+00 1.000000000000000056e-01
9.774951397444467602e+02 -1.352822021474239911e+00 1.000000000000000056e-01
9.786183422327640073e+02 -1.027177375510822221e+00 1.000000000000000056e-01
9.818293898182531620e+02 4.690399489307540692e-01 1.000000000000000056e-01
9.854914276432975839e+02 1.769663584370363973e-01 1.000000000000000056e-01
9.883738380592261592e+02 -1.642272937786772191e+00 1.000000000000000056e-01
9.894097772844314704e+02 -8.707942540382143104e-01 1.000000000000000056e-01
9.903389473967043841e+02 -8.253871890467429084e-02 1.000000000000000056e-01
9.903450015608939339e+02 -7.753252869152221782e-02 1.000000000000000056e-01
9.920112434144741655e+02 9.614945974315045607e-01 1.000000000000000056e-01
9.944007896476794031e+02 2.735525243802471307e-01 1.000000000000000056e-01
9.988470065678665151e+02 -9.009952101512479494e-01 1.000000000000000056e-01
